000000000000000000000000000000000000000000000000
000000000000000000000000000000000000000000000000
022220202000022220000000000000000000000000000000
020000202000020000000000000000000000000000000000
022000202000022000000000000000000000000000000000
020000202000020000000000000000000000000000000000
020000202222022220000000000000000000000000000000
000000000000000000000000000000000000000000000000
000000000000000000000000000000000000000000000000
000000000000000000000000000000000000000000000000
000000000000000000000000000000000000000000000000
000000000000000000000000000000000000000000000000
000000000000000000000000000000000000000000000000
000000000000000000000000000000000000000000000000
000000000000000000000000000000000000000000000000
000000000000000000000011110011001001011001011100
000000000000000000000010000100101001010101010010
000000000000000000000011000100101001010101010010
000000000000000000000010000100101001010101010010
000000000000000000000010000011000110010011011100
000000000000000000000000000000000000000000000000
000000000000000000000000000000000000000000000000
000000000000000000000000000000000000000000000000
000000000000000000000000000000000000000000000000